 81 
 .9996954135094683           1.745240643956209D-02       1.744974835352802D-02 
 .9814776768681853           1.745240643956209D-02       .1907799342669411 
 .9334382376591628           1.745240643956209D-02       .3583133684154481 
 .857036749934018            1.745240643956209D-02       .5149596321771288 
 .7545946342368659           1.745240643956209D-02       .655959108093179 
 .6292245424157635           1.745240643956209D-02       .7770275984359509 
 .4847357812713597           1.745240643956209D-02       .8744864983890334 
 .3255185686973299           1.745240643956209D-02       .9453745685931635 
 .156410639131199            1.745240643956209D-02       .9875379109057222 
 .9814776768681853           .1908089954011524           1.713175657756773D-02 
 .963591927274003            .1908089954011524           .1873032967311988 
 .916427924563016            .1908089954011524           .3517837209922114 
 .8414187230918341           .1908089954011524           .5055753748992434 
 .7408434394912652           .1908089954011524           .6440053768694444 
 .6177580028607598           .1908089954011524           .762867601340815 
 .4759023019090734           .1908089954011524           .8585504797690396 
 .3195865503282977           .1908089954011524           .9281467363101922 
 .1535603231318649           .1908089954011524           .9695417239261239 
 .9334382376591628           .3583679495899791           1.629322504694957D-02 
 .916427924563016            .3583679495899791           .178135543302838 
 .8715724127066742           .3583679495899791           .3345653032149941 
 .8002346141202632           .3583679495899791           .4808294656845269 
 .7045820917157278           .3583679495899791           .6124838681468794 
 .5875211989845751           .3583679495899791           .7255282582025331 
 .4526087719176977           .3583679495899791           .8165278392619738 
 .3039440563436084           .3583679495899791           .882717635102 
 .1460441544182266           .3583679495899791           .9220865022691415 
 .857036749934018            .5150380749706103           1.495963211792058D-02 
 .8414187230918341           .5150380749706103           .1635552315307449 
 .8002346141202632           .5150380749706103           .3071812879951535 
 .734735781330568            .5150380749706103           .4414737964626301 
 .6469123736135731           .5150380749706103           .5623523470176157 
 .5394328607726658           .5150380749706103           .6661441060680382 
 .4155629534191101           .5150380749706103           .7496954135354934 
 .2790663760076266           .5150380749706103           .8104676052209231 
 .1340905079733425           .5150380749706103           .8466141488316971 
 .7545946342368659           .6560590290610243           1.317149833680929D-02 
 .7408434394912652           .6560590290610243           .1440053768102361 
 .7045820917157278           .6560590290610243           .2704637247783808 
 .6469123736135731           .6560590290610243           .3887041693282423 
 .5695865503875061           .6560590290610243           .4951340343837889 
 .4749541280481081           .6560590290610243           .586519502350576 
 .3658904648625946           .6560590290610243           .6600838720269875 
 .2457094050488442           .6560590290610243           .7135919272651906 
 .1180625892956982           .6560590290610243           .7454178528827313 
 .6292245424157635           .7771459615301138           1.098315524372955D-02 
 .6177580028607598           .7771459615301138           .1200799915844453 
 .5875211989845751           .7771459615301138           .2255282581433248 
 .5394328607726658           .7771459615301138           .3241239626995396 
 .4749541280481081           .7771459615301138           .4128713246612026 
 .3960441544774349           .7771459615301138           .4890738003427382 
 .3051005796778422           .7771459615301138           .5504160160802731 
 .2048866781506663           .7771459615301138           .5950341196887958 
 9.844739858392246D-02       .7771459615301138           .6215724126676578 
 .4847357812713597           .8746197072067914           8.461094536226876D-03 
 .4759023019090734           .8746197072067914           .0925060365768183 
 .4526087719176977           .8746197072067914           .1737402295056041 
 .4155629534191101           .8746197072067914           .2496954134762852 
 .3658904648625946           .8746197072067914           .318063728658489 
 .3051005796778422           .8746197072067914           .3767678383908997 
 .2350403677655065           .8746197072067914           .4240240480045465 
 .1578385732129205           .8746197072067914           .4583965014827404 
 7.584093348218245D-02       .8746197072067914           .4788408092195753 
 .3255185686973299           .9455185756519949           5.681947752694409D-03 
 .3195865503282977           .9455185756519949           6.212133245738571D-02 
 .3039440563436084           .9455185756519949           .1166731919097787 
 .2790663760076266           .9455185756519949           .1676799954645534 
 .2457094050488442           .9455185756519949           .2135919272059823 
 .2048866781506663           .9455185756519949           .2530139763202972 
 .1578385732129205           .9455185756519949           .284748323793367 
 .1059946230970226           .9455185756519949           .307830737535326 
 5.093007999335016D-02       .9455185756519949           .3215598700847069 
 .156410639131199            .9876883406240144           2.730157861855646D-03 
 .1535603231318649           .9876883406240144           2.984910308565477D-02 
 .1460441544182266           .9876883406240144           .056061098416335 
 .1340905079733425           .9876883406240144           8.056970563947577D-02 
 .1180625892956982           .9876883406240144           .1026302431263617 
 9.844739858392246D-02       .9876883406240144           .1215724126084496 
 7.584093348218245D-02       .9876883406240144           .1368206658510767 
 5.093007999335016D-02       .9876883406240144           .1479116923953335 
 2.447174179538082D-02       .9876883406240144           .1545084970119152 
 73 
 1             2 
 2             3 
 3             4 
 4             5 
 5             6 
 6             7 
 7             8 
 8             9 
 10            11 
 11            12 
 12            13 
 13            14 
 14            15 
 15            16 
 16            17 
 17            18 
 19            20 
 20            21 
 21            22 
 22            23 
 23            24 
 24            25 
 25            26 
 26            27 
 28            29 
 29            30 
 30            31 
 31            32 
 32            33 
 33            34 
 34            35 
 35            36 
 37            38 
 38            39 
 39            40 
 40            41 
 41            42 
 42            43 
 43            44 
 44            45 
 46            47 
 47            48 
 48            49 
 49            50 
 50            51 
 51            52 
 52            53 
 53            54 
 55            56 
 56            57 
 57            58 
 58            59 
 59            60 
 60            61 
 61            62 
 62            63 
 64            65 
 65            66 
 66            67 
 67            68 
 68            69 
 69            70 
 70            71 
 71            72 
 73            74 
 74            75 
 75            76 
 76            77 
 77            78 
 78            79 
 79            80 
 80            81 
 0             0 
 0 
